9.990876562500000000e+04
9.961439843750000000e+04
9.916253906250000000e+04
9.857809375000000000e+04
9.784194531250000000e+04
9.695939062500000000e+04
9.594390625000000000e+04
9.479310937500000000e+04
9.351079687500000000e+04
9.209562500000000000e+04
9.056353125000000000e+04
8.891892187500000000e+04
8.715625000000000000e+04
8.531382812500000000e+04
8.334657812500000000e+04
8.130824218750000000e+04
7.919919531250000000e+04
7.700054687500000000e+04
7.474730468750000000e+04
7.242300000000000000e+04
7.003928125000000000e+04
6.762783593750000000e+04
6.516730468750000000e+04
6.269330078125000000e+04
6.018527343750000000e+04
5.766683593750000000e+04
5.515417187500000000e+04
5.264575781250000000e+04
5.014327734375000000e+04
4.766649609375000000e+04
4.521294140625000000e+04
4.278764062500000000e+04
4.039538281250000000e+04
3.805018359375000000e+04
3.574758203125000000e+04
3.349611328125000000e+04
3.129702148437500000e+04
2.916250781250000000e+04
2.708530078125000000e+04
2.507516406250000000e+04
2.313622070312500000e+04
2.127117187500000000e+04
1.948137695312500000e+04
1.777247265625000000e+04
1.614562988281250000e+04
1.460596289062500000e+04
1.315542968750000000e+04
1.179658984375000000e+04
1.053251464843750000e+04
9.369705078125000000e+03
8.315205078125000000e+03
7.368975585937500000e+03
6.526211914062500000e+03
5.776615234375000000e+03
5.107257324218750000e+03
