9.979739062500000000e+04
9.942179687500000000e+04
9.890388281250000000e+04
9.824131250000000000e+04
9.743004687500000000e+04
9.649100000000000000e+04
9.539838281250000000e+04
9.418788281250000000e+04
9.283010937500000000e+04
9.136720312500000000e+04
8.976693750000000000e+04
8.807952343750000000e+04
8.627128906250000000e+04
8.435226562500000000e+04
8.235729687500000000e+04
8.027462500000000000e+04
7.813244531250000000e+04
7.589235156250000000e+04
7.359810937500000000e+04
7.125559375000000000e+04
6.886007031250000000e+04
6.641761718750000000e+04
6.394822265625000000e+04
6.145464843750000000e+04
5.893895312500000000e+04
5.642493359375000000e+04
5.391304296875000000e+04
5.140155078125000000e+04
4.891796093750000000e+04
4.644689843750000000e+04
4.400542578125000000e+04
4.160046484375000000e+04
3.922684375000000000e+04
3.690210546875000000e+04
3.462216015625000000e+04
3.240304492187500000e+04
3.023183007812500000e+04
2.812292187500000000e+04
2.607945312500000000e+04
2.410364453125000000e+04
2.220080859375000000e+04
2.037322656250000000e+04
1.862481640625000000e+04
1.695662890625000000e+04
1.537141992187500000e+04
1.387582910156250000e+04
1.247004492187500000e+04
1.115950488281250000e+04
9.945156250000000000e+03
8.838923828125000000e+03
7.838100585937500000e+03
6.943691894531250000e+03
6.148033691406250000e+03
5.438524414062500000e+03
4.804844726562500000e+03
